34 14
1 15 1 1 1 1 1 1 1 1 1 1 15 1 1 1 1 1 1 1 1 1 1 1 1 1 1 1 1 1 1 1 1 1
1 15 1 1 1 1 1 1 1 1 1 1 15 1 1 1 1 1 1 1 1 1 1 1 1 1 1 1 1 1 1 1 1 1
1 15 1 1 1 1 1 1 1 1 1 1 15 1 1 1 1 1 1 8 8 8 1 1 1 1 1 1 1 1 1 1 1 1
1 15 1 1 1 1 1 1 1 1 1 1 15 1 1 1 1 1 1 8 8 8 8 1 1 1 1 1 1 1 1 1 1 1
1 15 1 1 1 1 1 1 1 1 1 1 15 1 1 1 1 1 1 8 8 8 8 1 1 1 1 1 1 1 1 1 1 1
1 15 1 1 1 1 1 1 1 1 1 1 15 1 1 1 1 1 1 1 7 1 1 1 1 1 1 1 1 1 1 1 1 1
1 15 1 1 1 1 1 1 1 1 1 1 15 1 1 1 1 1 1 11 12 1 1 1 1 1 1 1 1 1 1 1 1 1
1 15 1 1 1 7 4 4 12 1 1 1 15 1 1 1 1 1 1 1 13 11 6 1 1 1 1 1 1 1 1 1 1 1
1 15 1 1 1 1 1 1 1 1 1 1 15 1 1 1 1 1 1 1 7 1 1 1 1 1 1 1 1 1 1 1 1 1
1 15 1 1 1 1 1 1 1 1 1 1 15 1 1 1 1 1 1 1 7 1 1 1 1 1 1 1 1 1 1 1 1 1
1 15 1 7 4 4 4 4 4 4 12 1 15 1 1 1 1 1 1 0 0 0 0 18 1 1 1 1 1 1 1 1 1 1
1 15 1 1 1 1 1 1 1 1 1 1 15 1 1 1 1 1 1 -1 -1 -1 -1 -1 -1 -1 -1 -1 -1 -1 -1 -1 -1 -1
14 15 14 14 14 14 14 14 14 14 14 14 15 14 0 0 0 0 0 -1 -1 -1 -1 -1 -1 -1 -1 -1 -1 -1 -1 -1 -1 -1
15 15 15 15 15 15 15 15 15 15 15 15 15 15 -1 -1 -1 -1 -1 -1 -1 -1 -1 -1 -1 -1 -1 -1 -1 -1 -1 -1 -1 -1